1.672736257314682007e-01 8.271897584199905396e-02 7.488369196653366089e-02 -4.852642714977264404e-01 -4.817965626716613770e-01 2.477142661809921265e-01 -1.368548125028610229e-01 -1.670317798852920532e-01 5.900210142135620117e-01 -8.474138379096984863e-02 -3.035376965999603271e-01 1.101647019386291504e-01 1.066648289561271667e-01 2.062695920467376709e-01 1.696370989084243774e-01 3.065636754035949707e-01
-3.377847373485565186e-01 3.114798069000244141e-01 1.985072791576385498e-01 3.931333422660827637e-01 -2.890492975711822510e-01 1.048575565218925476e-01 -3.663317859172821045e-02 2.898260951042175293e-01 1.244784099981188774e-03 1.637486554682254791e-02 -1.820907443761825562e-01 7.155320793390274048e-02 2.355924434959888458e-02 5.619908869266510010e-02 8.879002928733825684e-02 3.382868692278862000e-02
3.331625163555145264e-01 3.292247056961059570e-01 2.499639093875885010e-01 -9.379909932613372803e-02 -4.222308844327926636e-02 6.431789696216583252e-02 -2.334699481725692749e-01 3.663199543952941895e-01 4.281581342220306396e-01 -1.820031553506851196e-03 4.230496287345886230e-01 -2.234158664941787720e-01 -2.623005537316203117e-03 -3.853746056556701660e-01 3.116519749164581299e-01 4.443425312638282776e-02
3.348923623561859131e-01 3.405083119869232178e-01 -2.799066901206970215e-01 -3.819007873535156250e-01 3.991262912750244141e-01 2.686104774475097656e-01 -5.133946239948272705e-02 4.789060354232788086e-02 1.188236325979232788e-01 -3.133519589900970459e-01 -1.134701296687126160e-01 -2.389900088310241699e-01 5.995070189237594604e-02 4.120567739009857178e-01 1.854876875877380371e-01 2.498379200696945190e-01
8.925668895244598389e-02 -6.221722066402435303e-02 4.105121791362762451e-01 3.720970153808593750e-01 1.789137721061706543e-01 -1.754360646009445190e-01 1.163908988237380981e-01 -1.038560196757316589e-01 5.773282796144485474e-02 1.446540951728820801e-01 7.571816444396972656e-02 -1.037138551473617554e-01 -2.181780189275741577e-01 4.020010232925415039e-01 4.259721338748931885e-01 -1.016996130347251892e-01
3.695985972881317139e-01 8.364508301019668579e-02 1.200393885374069214e-01 4.251868426799774170e-01 2.542305886745452881e-01 -6.503558754920959473e-01 3.769524097442626953e-01 -6.346281617879867554e-02 -1.149482429027557373e-01 -1.634784415364265442e-02 4.070145487785339355e-01 -1.337144244462251663e-02 4.483119845390319824e-01 1.675499230623245239e-01 2.407800108194351196e-01 -1.157958358526229858e-01
-3.052193820476531982e-01 5.178223252296447754e-01 2.263322919607162476e-01 -9.798271209001541138e-02 5.206747651100158691e-01 -9.013587608933448792e-03 -1.599218510091304779e-02 -2.738625556230545044e-02 -3.009272813796997070e-01 -1.529700905084609985e-01 1.737241297960281372e-01 -1.724200672470033169e-03 -1.774133592844009399e-01 -5.931629613041877747e-02 -5.495274662971496582e-01 -2.559876441955566406e-01
-4.055478796362876892e-02 4.096396863460540771e-01 -1.902662515640258789e-01 1.539169102907180786e-01 -6.706032156944274902e-02 -2.140334099531173706e-01 -2.558864355087280273e-01 4.437477886676788330e-01 2.542369663715362549e-01 4.813564941287040710e-02 -2.768175303936004639e-01 -2.177001088857650757e-01 -4.198718667030334473e-01 -1.962973736226558685e-02 -1.473856270313262939e-01 -1.858039200305938721e-01
1.393916606903076172e-01 1.655153185129165649e-01 3.205816745758056641e-01 -7.305113971233367920e-02 1.447573453187942505e-01 7.209562510251998901e-02 -3.254370987415313721e-01 1.026870161294937134e-01 1.424168199300765991e-01 2.584455609321594238e-01 2.371285557746887207e-01 -2.818936407566070557e-01 4.526171386241912842e-01 -6.611069291830062866e-02 -1.174102816730737686e-02 3.933953344821929932e-01
-4.819047823548316956e-02 -1.263456512242555618e-02 5.098174810409545898e-01 -2.184117585420608521e-01 2.025021016597747803e-01 -2.251674532890319824e-01 -4.373085796833038330e-01 2.018813230097293854e-02 5.815767049789428711e-01 -3.046036958694458008e-01 7.166169583797454834e-02 -2.016642391681671143e-01 2.732918560504913330e-01 3.287398815155029297e-01 2.459515482187271118e-01 2.342486083507537842e-01
3.551142513751983643e-01 1.070462837815284729e-01 -1.181836351752281189e-01 1.689246147871017456e-01 2.023092359304428101e-01 1.011234372854232788e-01 2.847414910793304443e-01 3.941653966903686523e-01 -2.923761606216430664e-01 -3.732803165912628174e-01 3.004037737846374512e-01 1.553773134946823120e-01 -4.700331389904022217e-02 3.609584569931030273e-01 1.186531186103820801e-01 1.401541829109191895e-01
3.229814581573009491e-03 2.366648018360137939e-01 -1.935043931007385254e-01 -1.156082972884178162e-01 1.805002242326736450e-01 -1.405827105045318604e-01 4.692266583442687988e-01 2.863787710666656494e-01 -4.140859004110097885e-03 -5.156239494681358337e-02 4.210981428623199463e-01 1.574987173080444336e-01 3.326367437839508057e-01 -3.570711016654968262e-01 -3.665785193443298340e-01 -1.115839779376983643e-01
4.335526525974273682e-01 4.958727955818176270e-01 2.562710344791412354e-01 -3.690577149391174316e-01 5.015978813171386719e-01 7.202906161546707153e-02 -9.929625689983367920e-02 1.397797465324401855e-01 1.202871799468994141e-01 -2.529889941215515137e-01 -2.016603201627731323e-01 2.886198461055755615e-01 4.646618664264678955e-01 3.863194286823272705e-01 -7.613296806812286377e-02 -3.347934782505035400e-01
-4.392166733741760254e-01 -8.845372498035430908e-02 4.860217273235321045e-01 -2.360940426588058472e-01 4.796360135078430176e-01 -2.529598399996757507e-02 -6.144326925277709961e-02 3.085104823112487793e-01 4.419855177402496338e-01 -2.380813658237457275e-01 -4.993290007114410400e-01 2.605864405632019043e-01 -3.690875172615051270e-01 -1.097211316227912903e-01 -2.360872775316238403e-01 3.884598016738891602e-01
1.372377574443817139e-01 3.547285795211791992e-01 2.705294191837310791e-01 -3.018918931484222412e-01 -7.551741600036621094e-02 2.085233032703399658e-01 4.874059814028441906e-04 2.492825984954833984e-01 -1.366010867059230804e-02 -1.890161335468292236e-01 2.611268125474452972e-02 -1.075682863593101501e-01 -4.015170037746429443e-01 4.753496646881103516e-01 9.606929123401641846e-02 -2.896086871623992920e-01
3.120530545711517334e-01 3.919448256492614746e-01 -4.883733093738555908e-01 -7.451315876096487045e-03 -2.175000011920928955e-01 4.454303085803985596e-01 2.194841206073760986e-01 1.199654266238212585e-01 -2.315758317708969116e-01 8.915261924266815186e-02 -4.761304706335067749e-02 1.265690177679061890e-01 -6.397778540849685669e-02 -1.942851096391677856e-01 -2.856568694114685059e-01 4.203142225742340088e-01
-2.765685915946960449e-01 -1.102458611130714417e-01 4.347921013832092285e-01 -1.929423660039901733e-01 5.947856903076171875e-01 1.105883345007896423e-01 -3.799131214618682861e-01 1.562791913747787476e-01 -2.448917180299758911e-01 3.409801125526428223e-01 1.753887832164764404e-01 -2.173043042421340942e-01 1.279098689556121826e-01 1.407267004251480103e-01 -1.342297941446304321e-01 -8.757832646369934082e-02
5.110169053077697754e-01 1.196916103363037109e-01 3.651582002639770508e-01 -2.842152863740921021e-02 1.170758828520774841e-01 4.610158503055572510e-01 1.486015971750020981e-03 1.702234148979187012e-01 4.571121931076049805e-01 -8.294288814067840576e-02 3.448755741119384766e-01 -3.136072158813476562e-01 1.254182308912277222e-01 3.294739872217178345e-02 -1.890283077955245972e-01 4.999291002750396729e-01
-3.036515116691589355e-01 -1.978310495615005493e-01 -2.325964123010635376e-01 -4.962797462940216064e-02 3.536745905876159668e-01 2.002736032009124756e-01 3.619408905506134033e-01 5.335784554481506348e-01 2.505876421928405762e-01 8.639539778232574463e-02 1.260736435651779175e-01 -7.159642130136489868e-02 8.029098808765411377e-02 4.640136659145355225e-01 4.654480144381523132e-02 -1.427581608295440674e-01
-3.436542153358459473e-01 -1.131550595164299011e-01 1.876230984926223755e-01 -3.109889924526214600e-01 2.165634781122207642e-01 3.451020717620849609e-01 4.734303057193756104e-01 -4.107090458273887634e-02 -4.257158339023590088e-01 -2.815122008323669434e-01 4.569018632173538208e-02 -2.815513610839843750e-01 1.064029037952423096e-01 5.168716311454772949e-01 4.841645359992980957e-01 -9.889016300439834595e-02
3.055825233459472656e-01 -5.618933960795402527e-02 -2.342390120029449463e-01 2.473368048667907715e-01 4.264349937438964844e-01 3.445848822593688965e-01 1.347878277301788330e-01 1.461264938116073608e-01 3.533415496349334717e-01 -1.639786362648010254e-01 -1.320617645978927612e-01 -3.104807734489440918e-01 -6.582564860582351685e-02 -1.342911273241043091e-01 2.313698977231979370e-01 -7.955028861761093140e-02
-4.801905453205108643e-01 5.254781246185302734e-01 1.952181607484817505e-01 1.359608955681324005e-02 -1.311430633068084717e-01 -1.968148052692413330e-01 1.200948506593704224e-01 -8.102420717477798462e-02 -2.173304408788681030e-01 1.759424507617950439e-01 1.038983743637800217e-02 2.551595866680145264e-01 -2.373888939619064331e-01 -1.891333013772964478e-01 3.202356398105621338e-01 4.456504285335540771e-01
6.037603616714477539e-01 -4.529243707656860352e-01 2.947707772254943848e-01 -2.253998965024948120e-01 5.332916975021362305e-02 -5.202881693840026855e-01 -1.625813990831375122e-01 9.796290844678878784e-02 -2.055478692054748535e-01 -1.114718914031982422e-01 -1.953758150339126587e-01 4.203296825289726257e-02 2.369195967912673950e-01 2.509268224239349365e-01 5.636010318994522095e-02 2.918522655963897705e-01
-3.583098063245415688e-03 1.796990483999252319e-01 -2.751768231391906738e-01 3.771052360534667969e-01 3.306694328784942627e-02 3.536937236785888672e-01 -4.998990595340728760e-01 2.196351438760757446e-01 -6.976699084043502808e-02 1.946182101964950562e-01 -3.853916525840759277e-01 1.291117519140243530e-01 1.968576014041900635e-01 -4.525460004806518555e-01 -4.978071749210357666e-01 1.089009866118431091e-01
-1.792560219764709473e-01 3.835131525993347168e-01 -1.419005095958709717e-01 6.068687885999679565e-02 2.508387863636016846e-01 2.268339544534683228e-01 -3.257516920566558838e-01 -2.100522629916667938e-02 1.016973406076431274e-01 -3.424886167049407959e-01 2.914721369743347168e-01 -3.537062108516693115e-01 4.229645431041717529e-01 -7.233605533838272095e-02 -6.453114748001098633e-02 2.640644311904907227e-01
1.888664215803146362e-01 -2.279468774795532227e-01 1.596361249685287476e-01 4.793467819690704346e-01 4.315067827701568604e-01 4.751726090908050537e-01 2.093230485916137695e-01 3.067677319049835205e-01 -2.565551400184631348e-01 1.083030700683593750e-01 -3.602976500988006592e-01 6.959357857704162598e-02 -9.795737452805042267e-03 -1.974927037954330444e-01 -2.106235027313232422e-01 -7.071593403816223145e-02
-3.159408867359161377e-01 3.576080203056335449e-01 -8.429041504859924316e-02 -4.240016937255859375e-01 -1.333472430706024170e-01 -5.492663979530334473e-01 2.712561190128326416e-01 8.227805048227310181e-02 -4.081401228904724121e-01 -1.443136036396026611e-01 -1.296445131301879883e-01 -1.636422872543334961e-01 3.076655864715576172e-01 1.325980871915817261e-01 -1.646638661623001099e-01 -1.837105304002761841e-01
-8.538836240768432617e-02 -1.802199035882949829e-01 -1.417399048805236816e-01 3.870960175991058350e-01 7.445248216390609741e-02 5.887329578399658203e-01 -9.453459829092025757e-02 4.949173033237457275e-01 -2.168949395418167114e-01 -3.675728142261505127e-01 3.078911826014518738e-02 -2.147641181945800781e-01 2.376527488231658936e-01 1.310616452246904373e-02 4.390029013156890869e-01 1.490049064159393311e-01
5.000483393669128418e-01 -2.239905148744583130e-01 -1.068996936082839966e-01 -4.597404003143310547e-01 1.463887989521026611e-01 2.587332129478454590e-01 3.987057507038116455e-01 4.378627240657806396e-01 -3.691589534282684326e-01 -2.007112354040145874e-01 -1.999626457691192627e-01 5.885070189833641052e-02 -3.869740664958953857e-01 8.687168359756469727e-02 -1.196626126766204834e-01 7.170411199331283569e-02
1.871604919433593750e-01 1.882299333810806274e-01 2.783351242542266846e-01 4.847112894058227539e-01 -4.137913584709167480e-01 3.378528952598571777e-01 -9.528373181819915771e-02 1.270685344934463501e-01 -1.326529532670974731e-01 1.246149167418479919e-01 1.997659653425216675e-01 9.045750647783279419e-02 4.275505244731903076e-01 -1.185453832149505615e-01 5.176231861114501953e-01 -4.563764110207557678e-02
-3.724362254142761230e-01 1.386326849460601807e-01 -9.986229706555604935e-04 3.510248959064483643e-01 4.684303700923919678e-02 8.405472338199615479e-02 4.051363468170166016e-01 4.181203544139862061e-01 -6.417393684387207031e-02 -3.463251292705535889e-01 6.002639606595039368e-02 -1.747966706752777100e-01 -8.119740523397922516e-04 4.175311326980590820e-01 -1.901798248291015625e-01 4.652303159236907959e-01
1.831010133028030396e-01 -1.869401037693023682e-01 4.291615784168243408e-01 4.327115416526794434e-01 -9.458302706480026245e-02 1.446675211191177368e-01 5.700701475143432617e-02 4.686127007007598877e-01 3.713605999946594238e-01 8.404870331287384033e-02 1.937907338142395020e-01 -5.151946470141410828e-02 -1.240848377346992493e-01 3.331300020217895508e-01 3.444311320781707764e-01 1.484319865703582764e-01
