-1.687390916049480438e-02 4.663588404655456543e-01 2.130975425243377686e-01 -5.328730940818786621e-01 -7.125641703605651855e-01 -5.711501836776733398e-01 -6.222799420356750488e-01 7.693041861057281494e-02 -6.515042483806610107e-02 2.733699381351470947e-01
-1.985574513673782349e-01 -1.482530534267425537e-01 -4.795311987400054932e-01 4.561602771282196045e-01 -4.209333360195159912e-01 5.974763035774230957e-01 -2.162848114967346191e-01 -5.665918812155723572e-02 2.319285273551940918e-01 -3.514319658279418945e-01
-2.883622348308563232e-01 -9.506137669086456299e-02 3.599604964256286621e-01 -3.569062352180480957e-01 -9.513953328132629395e-02 1.009886804968118668e-02 3.620574772357940674e-01 -1.886724382638931274e-01 -5.135490298271179199e-01 -6.394744515419006348e-01
-3.983604907989501953e-01 4.379041194915771484e-01 9.473430365324020386e-02 -4.534783959388732910e-01 4.970948398113250732e-01 -2.752012908458709717e-01 4.934005737304687500e-01 -8.011146783828735352e-01 2.631615400314331055e-01 3.309839665889739990e-01
-3.244994878768920898e-01 -3.695759773254394531e-01 1.024814546108245850e-01 1.861009001731872559e-01 2.836450338363647461e-01 -5.182420611381530762e-01 -4.428333044052124023e-01 -3.939198255538940430e-01 -2.944995760917663574e-01 1.087680160999298096e-01
2.653974667191505432e-02 -5.491153001785278320e-01 -6.178104281425476074e-01 -1.853103786706924438e-01 -2.163840532302856445e-01 -4.425860941410064697e-01 7.879073172807693481e-02 3.748139739036560059e-01 -2.592902183532714844e-01 2.851498723030090332e-01
5.757992863655090332e-01 -4.991272091865539551e-01 -2.253997772932052612e-01 -1.216392889618873596e-01 -5.500590205192565918e-01 3.911900520324707031e-01 -4.418195486068725586e-01 6.683824956417083740e-02 4.619634747505187988e-01 -4.167476296424865723e-01
-6.068651080131530762e-01 -5.532817244529724121e-01 5.839628726243972778e-02 -5.514982342720031738e-01 -5.712234973907470703e-02 9.668247401714324951e-02 -2.746193408966064453e-01 -3.940841257572174072e-01 -3.367340266704559326e-01 -9.180284291505813599e-02
-4.874422252178192139e-01 -1.372053623199462891e-01 2.890588715672492981e-02 -1.564068496227264404e-01 1.522205173969268799e-01 -1.070565283298492432e-01 1.604523062705993652e-01 3.631894588470458984e-01 1.213231906294822693e-01 -2.975291907787322998e-01
1.327750235795974731e-01 2.061586230993270874e-01 3.993742465972900391e-01 -2.394599467515945435e-01 1.745249927043914795e-01 -3.590963482856750488e-01 -3.704473972320556641e-01 2.980104088783264160e-01 3.338543474674224854e-01 -4.402213990688323975e-01
-1.669651418924331665e-01 5.439351201057434082e-01 -2.807853817939758301e-01 3.359191715717315674e-01 -3.499124646186828613e-01 -8.804136514663696289e-02 -1.423926353454589844e-01 -1.999060958623886108e-01 5.052908658981323242e-01 -1.028677001595497131e-01
-3.427385389804840088e-01 -1.877587437629699707e-01 -1.250789612531661987e-01 -4.157518148422241211e-01 -3.948169946670532227e-01 4.648900628089904785e-01 1.241887882351875305e-01 -2.200186848640441895e-01 3.863931596279144287e-01 -4.586511850357055664e-02
1.098090870073065162e-04 5.441954135894775391e-01 -9.414861351251602173e-02 5.638706088066101074e-01 -4.418175816535949707e-01 -5.978693962097167969e-01 -3.976949751377105713e-01 -1.011942476034164429e-01 -1.620471477508544922e-01 -1.254155188798904419e-01
5.228287577629089355e-01 -6.547125577926635742e-01 1.217284873127937317e-01 2.660412192344665527e-01 -4.673625826835632324e-01 9.742956608533859253e-03 -2.381107062101364136e-01 -3.197387754917144775e-01 -5.501819849014282227e-01 -5.708051323890686035e-01
3.669323623180389404e-01 3.715260624885559082e-01 -1.577865034341812134e-01 -3.184773921966552734e-01 -4.850633740425109863e-01 -4.943816661834716797e-01 6.088877916336059570e-01 -4.403749480843544006e-02 -2.724740887060761452e-03 -4.084844589233398438e-01
-2.767803370952606201e-01 2.056227624416351318e-01 -4.807719290256500244e-01 -2.863907814025878906e-01 3.367260694503784180e-01 -2.387899160385131836e-01 -2.089870423078536987e-01 2.316980808973312378e-01 -8.463313430547714233e-02 -4.830587208271026611e-01
